## ZS, ZL, sigma_a (km/s), theta_E (asec), sigma_c (solar mass/Mpc^2), m_einstein (solar mass), ring mass for dr=0.6" (solar mass)
0.632200 0.195400 265.000000 1.321426 3.807001e+15 2.192103e+11 1.254122e+11 
0.523500 0.331700 332.000000 1.058404 5.068892e+15 4.056017e+11 2.897144e+11 
0.581200 0.322300 310.000000 1.123824 4.242899e+15 3.683363e+11 2.477810e+11 
0.446200 0.194300 231.000000 0.822575 4.667836e+15 1.032269e+11 9.487223e+10 
0.323900 0.164200 313.000000 1.332149 6.058745e+15 2.680743e+11 1.521332e+11 
0.467000 0.131000 207.000000 0.856726 4.976950e+15 6.242787e+10 5.508820e+10 
0.470000 0.240500 299.000000 1.176008 4.643840e+15 2.912514e+11 1.872317e+11 
0.535000 0.126000 212.000000 0.955600 4.838504e+15 7.064685e+10 5.589056e+10 
0.276400 0.158900 247.000000 0.716714 7.204391e+15 8.742809e+10 9.222040e+10 
0.823200 0.228500 279.000000 1.513204 3.265480e+15 3.140004e+11 1.568753e+11 
0.480800 0.215000 235.000000 0.828352 4.433345e+15 1.164127e+11 1.062447e+11 
0.794600 0.231800 254.000000 1.228775 3.297086e+15 2.136314e+11 1.314360e+11 
0.784300 0.224300 216.000000 0.897945 3.345061e+15 1.101213e+11 9.271360e+10 
0.448800 0.233300 263.000000 0.896869 4.819582e+15 1.679864e+11 1.416011e+11 
0.711500 0.080800 178.000000 0.790422 6.106204e+15 2.782077e+10 2.660921e+10 
0.481400 0.204600 275.000000 1.183320 4.416137e+15 2.191536e+11 1.400130e+11 
0.535000 0.062900 194.000000 0.940150 7.671441e+15 3.124571e+10 2.512551e+10 
0.395500 0.188300 243.000000 0.846711 5.144365e+15 1.146975e+11 1.024095e+11 
0.665600 0.198900 257.000000 1.259513 3.704553e+15 1.992770e+11 1.196124e+11 
0.524100 0.207600 275.000000 1.241024 4.163405e+15 2.324570e+11 1.416068e+11 
0.793300 0.247900 260.000000 1.243678 3.246534e+15 2.381957e+11 1.447931e+11 
0.674500 0.228200 221.000000 0.871208 3.562300e+15 1.133180e+11 9.833294e+10 
0.435700 0.178400 239.000000 0.925350 4.754456e+15 1.161318e+11 9.487833e+10 
0.736700 0.089900 270.000000 1.796294 5.615251e+15 1.601572e+11 6.740478e+10 
0.463500 0.228500 283.000000 1.097771 4.631240e+15 2.343737e+11 1.614058e+11 
0.517000 0.155300 260.000000 1.304672 4.469022e+15 1.730379e+11 1.002679e+11 
0.532400 0.081900 236.000000 1.327106 6.315255e+15 8.312230e+10 4.735151e+10 
0.714500 0.416800 330.000000 1.154787 3.973968e+15 5.050005e+11 3.306069e+11 
